C0: -1.3525718573160291e-06
C1: 0.00018889645185032395
C2: -0.01056357887661925
C3: 0.3009564077422571
C4: -4.575336538445682
C5: 34.09985225408013
Norm: [0.00485025]