C0: -6.0145756881461935e-06
C1: 0.0016616041127255291
C2: -0.16340867142720913
C3: 5.999219647574465
Norm: [0.0016013]