C0: -0.0003171692630453804
C1: 0.011434682067904206
C2: -0.142598410568558
C3: 0.31204353637800897
C4: 10.044034098412345
C5: -118.1649627641865
C6: 601.927925408902
C7: -1523.2531116227337
C8: 1471.2922810533546
C9: 390.21480523765973
Norm: []