C0: 5.449991141648088e-07
C1: -0.00017465022893785914
C2: 0.021750359624982334
C3: -1.3336722718927332
C4: 46.70847654150991
Norm: [0.0194093]