C0: 1.9978888282388757e-07
C1: -6.011568534482188e-05
C2: 0.006949130435506853
C3: -0.39165524225910175
C4: 13.437887842455405
Norm: [0.02762571]