C0: 8.694619518251905e-07
C1: -0.0002564566637963727
C2: 0.02909139567155905
C3: -1.6188163405802594
C4: 54.483027005777735
Norm: [0.40075171]