C0: 0.0001230567392662029
C1: -0.001814148428707862
C2: 0.009103650436519051
C3: -4.8033742919643645
C4: 837.0190736947238
Norm: [3.40634056e-06]