C0: -0.00019358857671354686
C1: 0.052206449877082374
C2: -5.330110711291968
C3: 745.9475117096474
Norm: [1.84097339]