C0: 2.2880209552730153e-07
C1: -6.769081319855367e-05
C2: 0.007682919078372006
C3: -0.42331681710576247
C4: 13.622324040544186
Norm: [0.02248368]