C0: -5.5397296034343555e-06
C1: 0.0007655600877450879
C2: -0.042103130325519704
C3: 1.166267748561664
C4: -16.809871673004846
C5: 112.86196770941866
Norm: [0.07705759]