C0: -1.1461882009952309e-05
C1: 0.003204948550166527
C2: -0.32892679656889473
C3: 13.719440811294774
Norm: [0.01038525]