C0: 6.0753458415456574e-05
C1: -0.024591836764452348
C2: 6.3975118633003145
Norm: [0.01483761]