C0: 2.985308603433585e-05
C1: -0.005022595239998375
C2: 0.3193873634124757
C3: -9.681771570923681
C4: 166.29503745206034
Norm: [8.75175646]