C0: 1.720048346498578e-05
C1: -0.0029283552555304923
C2: 0.189993511603853
C3: -5.994269229633897
C4: 114.83186979968366
Norm: [2.51861184]