C0: 3.0355268392043202e-05
C1: -0.00508809417080622
C2: 0.32149313326872775
C3: -9.636688781215833
C4: 161.858266492757
Norm: [8.46633809]