C0: 9.543845837062696e-07
C1: -0.00029336692841171907
C2: 0.03497432248117908
C3: -2.050148000882032
C4: 67.02062855744562
Norm: [0.21434707]