C0: 1.0381003454837369e-06
C1: -0.0002941137279302443
C2: 0.031763897670809074
C3: -1.6581635817268006
C4: 45.302398443213555
Norm: [1.26203674]