C0: -5.8925682978691894e-05
C1: 0.0275676894800623
C2: -5.674623546338854
C3: 459.41860470692376
Norm: [1.26303321]