C0: 1.5897718879929608e-06
C1: -0.0004736363982525888
C2: 0.05420036037715197
C3: -2.9421614291102234
C4: 70.59437578585975
Norm: [1.18394216]