C0: 8.436567080637168e-07
C1: -0.0002515737503756483
C2: 0.02891933317421455
C3: -1.638062254837224
C4: 56.68358793244737
Norm: [0.24319655]