C0: 3.463786478014607e-06
C1: -0.0011191524432946072
C2: 0.13689622832218756
C3: -7.692879877586706
C4: 190.78458467542598
Norm: [0.17845625]