C0: -9.989728735002184e-06
C1: 0.0028034440871566933
C2: -0.2856082514493059
C3: 11.291361042377972
Norm: [0.00758111]