C0: -3.654818942756817e-06
C1: 0.0005157428646758134
C2: -0.029116246807933094
C3: 0.8335098873037692
C4: -12.52371348757405
C5: 88.16100323084147
Norm: [0.02489384]