C0: 1.0429193283973506e-06
C1: -0.00034053788997526625
C2: 0.04341791478114403
C3: -2.7307859134067387
C4: 97.57591945950293
Norm: [0.08447797]