C0: -3.7174249876298884e-08
C1: 1.3125302772544634e-05
C2: -0.0018518038024651496
C3: 0.1324866014068661
C4: -4.956063467708798
C5: 84.90546544120302
Norm: [0.26674278]