C0: -6.370423532104103e-05
C1: 0.0020687614715613058
C2: -0.02157477379051932
C3: 0.0016713969948792934
C4: 1.647086803798055
C5: -12.218743141845126
C6: 18.900122449544018
C7: 175.7994305583988
C8: -978.3531424302574
C9: 1626.4795613458803
Norm: []