C0: 2.960490784385655e-06
C1: -0.0009967770322853447
C2: 0.12607119822807622
C3: -7.164829506725048
C4: 161.73273073965964
Norm: [0.02629311]