C0: -0.0033364703263941177
C1: 0.630014331774834
C2: -40.22744286756944
C3: 872.7506277029917
Norm: [0.24639885]